I 			60	64	67 		
V			67	71	74		 
IV			65	69	72
iiim		64	67	71
iim 		62	65	69
IIIm7b5		64	67	70	74		
VI			57	61	64
#Idim7		61	64	67	69
vim			57	60	64
I/3			64	67	72
I/5			55	60	64
IVm7		60	63	65	69	
bII7		61	65	68	71
II 			62	66	69
#IVm7b5		54	57	60	64
VII			59	63 	66
VIm7b5/b3	60	63	67	69
#IIdim7		63	66	69	72
IIIm7b5		64	67	70	74
#Vdim7		56	59	62	65
III 		64	68	71
VIIm7b5		59	62	65	69
Idim/b3		63	66	72
bVI7		56	60	63	66	
bVII9		58	62	65	70	72
Im6			60	63	67	69
V/2 	 	62	67	71
bVII 		58	62	65
bVI 		56	60	63 	